113.269822
4091.887379
-4350.041114
687.044472
-1272.626370
-1101.128502
-471.514620
-4390.171989
-1612.891627
-226.953244
-3237.088364
921.954569
-358.291516
-1681.100244
3105.322200
-359.673692
250.512083
-1891.879663
4501.395002
-324.009044
302.780635
1438.147446
1386.075500
2053.637420
512.499950
-1241.564395
2056.264380
2304.177764
-2443.734407
1085.547149
-1391.132844
-732.586903
-2595.387458
2230.415004
-817.314662
3664.353886
4000.074030
2796.230393
-907.683196
120.585816
3114.667461
1805.794581
-1139.392439
2015.848716
-3550.396783
237.492735
1331.630693
-2111.157161
-3330.900402
3523.179643
-200.736626
-3427.841272
956.892237
-590.475658
3953.971706
618.417754
-546.166302
-236.915737
1863.882942
-2923.091915
-2238.300988
1018.119301
979.569969
-3359.522256
-89.365558
2841.624394
-3154.890980
141.160918
-484.184376
1833.247307
-968.238505
1893.528538
2742.016682
-681.590834
2456.673868
-1001.797835
-2570.541288
-303.284618
671.177478
-1949.570001
3249.463585
-3342.895463
3629.531361
3926.190633
-1843.767793
-2962.658127
2425.637840
-2117.242289
2477.688985
-1104.429288
2481.263701
-4077.023052
-2867.411650
-2024.233303
-364.507081
-3482.289985
3630.406702
573.038324
-4685.838276
2203.197578
3250.348054
909.576802
-1023.837217
-187.992300
-912.812707
1320.022060
-168.873085
-915.022101
-989.609238
408.484157
823.634090
-92.665182
2978.614718
359.743380
1985.507196
-548.781157
-580.176993
533.895892
2253.178242
-168.590922
405.972181
3118.768336
3514.007891
4351.633501
-1191.392346
1161.185496
406.496488
-2059.931896
3203.363874
-2981.727369
-3452.967449
-1159.906100
-318.720669
961.986602
1814.366482
2156.375973
2702.868580
217.283698
-583.577487
1860.198379
1924.956154
-4253.819088
1242.202991
-2195.172006
2589.252111
-305.487648
713.614292
141.323213
123.604210
-878.143731
1754.805141
-2516.184130
-368.508517
-1103.784649
3308.331881
-1402.050498
1492.912718
2312.722235
-2815.972643
1491.531103
-2603.374891
-2226.951589
-179.568832
2699.127554
-1362.361141
-719.140565
1176.326762
-2741.591582
4273.490307
206.806069
1095.124644
3534.242355
147.095538
-132.013613
-788.696583
967.374287
967.678519
1555.934108
1035.436611
3976.497456
1589.007738
-3567.051037
18.957839
-1173.305827
139.434863
-41.773791
-2343.184844
4837.930389
-2182.671763
-1878.424600
-2604.402575
-820.280257
-658.214369
103.366686
745.380317
1862.748071
-2262.202805
-914.958048
-2543.647339
-1287.246567
-1880.317863
1631.299071
1194.499100
-730.768757
1475.945378
3886.441966
974.707788
-711.238068
943.804493
79.721978
1614.708986
-3961.236775
956.691757
-1726.543213
-995.724489
-19.764480
-1277.998775
-3679.184916
-4255.106482
-1770.325983
-464.486834
-172.700583
-975.753723
825.461813
1924.879209
3968.798583
-589.962723
-1710.868941
-1543.250373
4066.427367
-164.490341
-3146.675503
-4275.346556
3387.433869
159.439745
42.067392
-144.508743
-31.712660
2756.035992
2453.545528
2770.753444
3577.501865
3685.079527
1390.772367
347.772117
539.742445
-223.499531
3979.666905
-414.054598
-2386.678480
792.823458
908.228167
-40.502873
-3345.049435
-4030.586093
426.276183
-1479.273395
-1268.705854
-3028.156591
3172.019248
-1080.731052
102.498828
-762.182536
1041.524311
-3652.315775
-2378.195456
-1305.757986
-401.913947
-1480.883420
1167.932654
-3369.366894
-2736.880636
1883.358037
-3562.642058
-3675.320833
-328.653252
-402.307946
208.463408
-1133.740263
-52.533191
-1161.306125
-1628.449467
-2902.757250
1533.766183
2472.427096
75.499156
887.080973
907.832079
3481.079226
-536.150437
-3851.194245
-3375.001385
991.435033
2443.139359
-721.300643
1028.047779
-91.084676
-1998.632154
-3281.901745
-175.182804
-12.969469
-1073.177038
-2821.245883
-3440.986373
1790.372860
-819.797195
3248.972749
-2483.791181
-3362.789396
-2242.412838
393.034270
-850.975380
1131.056520
-2894.447668
-557.698211
-1623.984419
-278.443051
-2296.651328
2753.335161
-2044.521998
402.834985
532.819791
-1649.131614
3001.350040
-2991.726478
1200.396077
3719.627642
-182.923238
-1160.770761
-2543.502966
-1275.265542
97.611177
-4459.680233
660.071192
-1996.454652
-699.812073
1000.824830
741.302781
-984.497524
3093.269077
-830.676268
764.582881
-667.868842
385.905706
3695.305949
-2522.276078
-1758.620104
1798.747563
847.944186
-4758.756948
-694.028441
-168.611242
2347.446815
-523.389995
-2488.257323
-989.283417
-2975.080570
-571.319079
-2877.990475
-544.952392
-1976.989519
4221.259138
1584.471823
-534.373393
-1120.284604
3520.534403
1487.706250
552.862759
2065.847898
2849.773688
1418.574623
-2407.159344
-316.649577
341.443906
631.770945
-3154.290139
-1703.901122
762.556888
1905.410698
-4496.465508
-2407.181447
-3398.473920
44.183460
2959.325538
527.767826
-3083.649141
809.766333
-1056.250574
94.165200
2174.397346
-1543.275364
-2425.580835
2080.153868
832.799907
2313.708797
1646.383479
-3008.522348
252.462201
-2910.022964
446.748294
2418.420678
-2141.902455
-3455.674349
-1297.859877
1016.722247
1013.219394
-30.161301
-507.462132
-1022.917609
1550.401331
-253.447423
683.692430
-2321.852856
1352.325664
556.792648
-827.813428
1892.284791
-680.252072
-249.608338
-1705.263316
670.390775
-1119.229383
-3962.139935
-1792.495648
-3830.776096
-1434.034942
-1602.611269
-1063.856323
1336.118018
3564.653981
2794.186268
-1661.186274
-2997.762312
-2755.053478
-2178.418987
-1192.765083
-1212.779705
3456.389326
-1035.650814
93.451250
-3189.291443
-1715.337155
3611.217406
537.329438
1519.699459
3434.459600
1703.476119
-403.970480
637.276931
170.165414
-1758.708915
920.667976
1226.275269
-1319.475960
-1884.986905
1108.357585
-2713.710459
86.446460
673.874103
2338.385744
-1397.983524
-1354.434766
2234.137045
185.001277
474.005571
1206.282361
-3184.252385
456.251769
2847.312934
-1634.663160
814.994793
-1592.627087
3784.143932
-1417.976573
-2436.937498
-3476.209544
72.262588
-2041.416014
-3038.140075
1101.207220
-1340.308850
604.925079
1862.776607
-424.623480
-1932.667320
-20.194524
-934.741973
2663.085109
1377.769954
-794.712896
-460.092237
1035.520485
-977.699131
-4015.741638
-1963.574532
-371.847475
-1879.434043
2472.652381
-713.970586
1110.758760
-2067.867036
-4467.722079
1201.489853
-1942.015506
1067.647741
-580.550172
850.259404
3390.976953
-3330.261030
-417.770910
4652.290964
3078.421921
-373.790896
-939.983745
733.596998
4190.894865
2780.292154
-3461.679880
-1913.198832
154.101797
818.784178
1497.237283
-559.482448
3152.058434
1699.541722
-3187.159663
2057.863570
2881.243323
-23.600682
1359.393226
-3274.994943
75.093722
1559.952172
419.143982
3324.679592
-3115.499117
2556.861363
4201.423765
-2714.078242
32.912792
-382.250200
2643.489478
3968.216151
-4042.507066
-2282.249106
232.288466
-7.695001
1578.316813
544.117177
-371.805130
-2931.462236
-1589.181091
1629.558431
1934.689803
857.476473
-2267.009394
2315.713156
590.474454
-1788.652622
-1924.299183
-132.435636
-3069.063449
-1567.073120
-559.939563
981.573251
-658.283086
-3552.529515
497.691914
1173.496340
-85.225190
2721.568439
1052.472099
-1630.133157
-644.151940
-1083.107418
-757.471876
1706.227643
-768.151452
1529.183899
-1573.646210
464.105700
-74.164598
3922.540400
-478.063235
1837.588088
-3356.819982
-1963.996197
-387.708831
-1508.980846
-1076.397090
628.533713
1011.464460
-1625.269879
3643.834913
1997.752761
-1773.145655
1655.195716
1461.927590
716.406935
2617.225777
-1100.056175
2022.523384
2524.280199
2228.217135
-1531.636142
-475.546415
911.700673
-1663.428169
596.951853
-3852.036676
315.477867
-2480.947479
-402.487194
-2282.477606
1048.839942
-976.537457
-1017.230331
2686.148605
-1670.583926
331.070125
2544.971580
-2123.193426
-1111.769693
-3695.779207
1943.878650
-1414.875613
825.450788
-552.349701
-568.835441
-1394.085941
301.797679
-1818.332233
-727.809553
-1455.271486
-379.976535
-1649.554847
15.037891
-1136.820547
-654.678865
-854.215125
2969.449651
83.648831
-924.934197
-1578.211764
-2376.582822
-1313.034272
619.286888
3351.360971
1371.112215
418.438215
-595.802411
-718.467641
-831.131663
-557.293827
3601.489218
102.921519
-3696.982689
-400.996573
2125.151697
-1379.455393
-707.294158
-711.251348
2133.267765
-878.104883
-340.311889
111.047225
3639.440794
2597.252157
741.452763
510.977694
-2666.057130
929.562881
-2240.622136
-2609.068300
520.423759
-2039.429037
1281.659825
-199.047256
-2185.592182
-34.343327
14.238663
2008.103082
-3713.243374
2388.947192
-3335.015689
-344.291143
1229.790188
-721.878456
967.234447
-1705.861453
-100.441247
2510.872808
-827.137975
-733.379285
126.563464
342.916939
3906.526047
-465.784217
-2450.084217
-2075.658291
-1102.871208
666.200296
-2742.523226
2770.538272
-1814.083802
1026.351726
-3312.424418
1982.536436
-1088.561932
1411.239460
-2577.678056
-1189.031838
1640.408976
-1376.682890
70.916636
-994.661169
1979.606127
29.500593
1536.938156
-2108.056975
-1678.339405
408.137662
2102.274828
1599.878334
-4140.191313
2099.147642
2812.384879
-3349.990847
830.880594
3471.285914
1541.120022
-2304.891849
-1539.025553
-1071.091386
756.176165
799.810533
-909.591823
1318.571109
-778.754326
2237.513314
-1968.866254
-719.916001
-2644.069406
-372.502298
72.625135
2456.227700
407.827303
1369.707538
-2455.002358
-2532.419282
1651.377054
-108.532615
-2008.656471
-2488.250638
822.305863
41.227923
338.018735
2730.858192
87.295166
-2975.197738
-1735.416643
-787.535681
1558.743719
884.984713
292.893959
-3918.254148
111.472361
-469.683686
3312.632860
2012.050571
1692.627405
73.234173
1309.016884
3935.767608
376.723144
-3316.542597
-594.685771
3449.224969
491.648863
-2408.320369
3731.846539
828.712105
285.867761
-1219.660399
-1964.106393
1364.336320
495.981610
-3133.393550
-3028.407955
236.923577
699.391428
-1122.748872
1024.332705
-408.158041
916.600871
482.229042
270.965914
1283.013074
-879.940154
-3540.549935
157.627386
-1238.525203
849.998286
-3659.084400
-1376.637381
2028.106741
-2412.937088
-1556.162884
-1580.024481
788.212552
2259.264858
861.778014
-1451.494107
-645.294421
698.689057
-2749.716410
2386.292082
296.336480
-4.555878
-2530.499828
-3653.407896
2740.257895
1968.501019
-632.481865
-756.922334
-2158.963248
1355.110049
-417.110843
-1219.368338
1199.724907
-568.841517
811.624913
-157.781869
893.239598
-1121.967791
-4063.255776
802.744961
1801.718444
1931.739995
-2250.091409
1053.573660
17.685245
1552.332396
1521.474096
949.701461
2387.826549
816.932072
-3794.593717
-398.069149
2876.760663
4918.234653
-326.520852
-1703.766825
-2096.117534
-4707.464575
2594.043973
435.026505
4050.624095
-1823.653189
-3097.389375
1931.871542
-1804.217312
-2510.379731
-1676.119457
-922.470408
2055.674294
1073.117258
2252.715526
-849.774926
-1468.984866
3426.398851
1313.024678
-2764.882392
3229.607147
1519.874954
3490.557851
-4487.982265
214.382675
4454.122948
-2375.518459
2060.820826
3901.825824
1274.267158
-570.262565
-2693.153143
1590.341602
-465.907550
2933.501651
-442.309176
-1565.596651
-2191.338917
-1473.618687
-1063.815361
2680.735234
-146.675243
1568.495833
1336.231781
-2552.436979
1548.015991
1187.854151
-3951.783685
-503.690468
-2596.805129
1946.006502
-1040.195485
-2184.400492
1123.379777
-706.126520
-314.136333
207.509649
-719.620891
-657.099105
-473.814931
438.464304
3566.294247
-3126.384982
-4106.361741
-1467.919196
3045.875366
200.633177
392.023277
-1656.892928
-1254.660721
3244.398650
-1895.793798
-2905.274850
-2226.713376
-918.335700
-1387.555947
377.083286
1265.198593
1760.883889
-2097.838917
4138.866498
1928.836482
-3386.325186
1996.307682
763.414308
-1012.116594
-2838.399271
783.724040
-3198.916122
-2940.850562
2301.975014
1809.191262
3778.331926
-380.975764
757.948685
2998.903032
134.475572
1888.663154
-327.539537
1739.574493
1082.757249
2307.762155
752.560293
-3.368955
4290.013630
1215.787184
149.411968
-377.029850
-1363.876466
982.370935
-800.864115
3442.267277
584.834539
-2662.218496
116.940466
-192.731494
192.679215
1212.357571
-1120.182568
-468.868100
-711.151646
810.067358
88.671070
3114.504002
28.048183
515.160083
1287.457217
868.023353
1369.453584
3177.251133
-411.958493
2929.914636
3838.252627
1476.387073
889.798197
-593.494175
309.266000
1118.572333
3347.593800
-564.315932
209.010240
-1213.413421
3692.581068
-615.440926
1065.116437
1929.195214
-1567.081160
2735.621957
2850.114886
1470.229371
286.194123
-2019.917715
2607.361398
785.264685
858.789751
3994.046570
-424.808828
-4156.782370
-269.328117
-678.112538
-602.631858
-3496.609285
-547.754969
-3994.280192
1877.614953
1138.498021
-1049.352200
-462.736509
169.640938
4060.251806
-1664.517004
-2372.650793
-4615.236592
-2412.165503
-680.870357
-2993.494636
1036.859846
-633.767546
1967.313623
2029.034743
2133.050506
2213.722014
-1056.155724
106.525479
102.544978
-2463.630917
-491.664095
-3953.131970
100.022502
-1134.440385
1530.792871
1580.180146
-761.524689
-1620.715452
4265.936480
-1241.329387
1393.917268
2847.720780
694.755775
2632.060396
1707.418628
-3266.873915
3336.075358
650.034124
418.262106
1324.829747
2736.590589
2290.173774
2487.839421
754.416512
1386.060475
-1232.165700
2865.599646
-958.479708
-864.909478
4477.735094
-1534.168600
134.009961
3513.998590
1865.144858
-2201.734059
-1136.108205
831.151775
-1331.199868
1743.999084
149.922544
843.204969
2471.966838
1829.839823
-2584.455302
2371.093490
1432.779455
1170.155908
-1251.340673
3573.484795
621.003633
2385.127645
-2275.928769
-2852.128702
1017.890999
-1349.119534
-1848.133067
-4118.926463
-1525.516889
-690.539251
1016.540744
1843.537688
-2180.597155
1523.431781
691.048697
654.777715
-599.982364
1908.107541
3371.533529
-420.868110
-2534.690485
-2806.746814
2876.775380
190.642966
-4007.891125
931.236703
650.689489
2380.666536
53.574487
-1338.384464
183.214997
-263.073424
256.310803
3041.790988
1243.695924
760.513033
1221.153843
-4580.740416
-1430.524573
-33.025036
-35.976311
-700.116581
-1486.984225
418.326376
749.438787
1404.452360
-3279.526164
4232.041501
1942.828128
270.103859
3861.379379
1707.243517
3910.654786
1303.017499
-4456.596787
3009.312122
823.365203
-1067.439632
-3336.646656
-2012.239207
2435.478393
2020.504715
-138.068413
-987.853169
-1571.956846
4114.218175
2582.137629
501.151562
-270.859861
1033.016935
-1513.013652
120.458547
1647.681408
-1181.235291
-1725.123281
712.591780
-1743.343573
450.081684
1159.306429
-3123.307670
-2512.206076
-752.908867
-1255.433009
230.966474
1675.753305
97.242908
-140.436880
-2106.612068
-171.645797
384.071397
1037.505813
-1004.810647
1779.122762
-363.940941
496.401147
-120.075247
189.440611
-1377.962143
-394.027394
411.051446
-1142.919030
331.176031
-318.043576
509.658387
1174.293926
869.048511
526.812253
-615.785694
-1616.362490
-3217.810747
7.735451
2868.626064
1334.929713
-1556.573204
-739.167706
-1869.983503
-1862.617849
-1235.717204
842.197928
-1729.932140
2686.147411
-1367.682849
-3290.302622
-3048.549595
2094.214824
386.873601
-1427.096969
-252.432132
2196.942296
-163.956611
-1425.709717
-474.127604
-999.739287
-5.360719
-3371.569556
-832.724437
2482.630298
-520.098071
-358.608652
2081.093831
3887.315715
-151.300342
2032.561512
2389.433112
563.930665
-1105.915744
-3771.937279
-1346.485533
1793.041530
-595.423177
-263.733737
1425.343416
1473.464359
-2945.464589
-1712.575413
3888.012416
-2136.129751
-3139.751383
2341.000221
-1910.091757
909.864975
350.004630
2973.786029
2616.801631
3809.910081
-1575.242833
2755.219754
-2275.292324
3115.191408
3063.909224
-1750.367282
-1062.407394
3779.178545
454.938820
1746.233456
-160.137693
-1208.765473
4543.908622
-1079.000690
2152.747370
-1814.796706
3656.486498
2801.975210
671.201659
-2862.010108
-2413.417444
335.932710
-394.906214
-612.278592
2276.798682
305.440152
-757.106934
3591.590847
726.953370
1413.314921
2812.060029
2152.182808
-3727.256337
-610.564593
-1079.098158
-1530.573836
3544.742014
-1021.865521
983.394745
-1190.724501
-1650.600854
2069.106766
-1966.428526
1609.601451
3979.868212
-3932.553603
625.946403
341.068346
-30.710602
-1249.374950
-286.551841
-1444.199938
-1923.794414
-377.134425
1621.591683
-419.554861
1474.524903
-3059.681146
3060.988339
-641.929606
-1751.089493
-4048.217206
480.401108
-2830.012533
-604.806777
1867.568596
-502.149113
1572.155682
-1407.120902
-3020.772227
-45.400708
-2506.169740
-3106.798549
-4554.533021
3336.120597
1701.196300
-683.186487
-622.220385
1430.741378
-2600.504935
4490.630853
260.503106
-504.174326
724.197031
1861.254973
-201.539025
-2836.606997
3905.318377
-971.080044
-35.018890
3708.667865
-2750.371054
-2126.006252
-957.902323
1860.463739
-3166.344233
1840.411051
1557.054997
-3463.972374
1128.074305
225.240339
2811.955101
-20.970588
-2180.903415
1783.992750
-630.109857
-1648.468808
678.816341
-766.409852
-4111.883475
3495.143865
1108.474737
3330.672937
2457.471180
3389.751306
579.418464
160.517205
-663.690098
628.637823
-2378.359498
-737.429092
-3216.580277
-2687.170782
2318.239338
-1258.577824
-2679.060234
203.819562
-2102.347492
1887.405609
-2517.713320
2742.848904
2341.921871
-2024.701682
2608.870308
660.883114
-1636.088177
-487.462666
-1575.196282
-2335.540983
-1308.447585
-2201.343053
2464.799749
835.891879
-1339.801941
3167.681585
1954.864482
-1016.622344
-83.097604
-1080.991979
447.284561
-764.069476
-228.609590
-2465.332733
-182.955568
48.020883
3870.249907
-145.205643
2299.337807
-209.123384
-1029.243256
2475.412010
-2018.587479
129.301736
2723.481613
-4294.563496
-996.832657
-2897.246842
-1349.710734
-1017.634203
-2025.509030
-1930.755978
324.723817
353.195339
-2614.655275
-331.885745
-384.311129
21.716827
413.942184
3314.073973
-1566.999454
4090.167347
457.240660
1084.234315
2762.199893
2040.153052
2234.756764
-252.964990
-1200.785192
-2873.250579
208.502503
-221.258611
-2679.530439
3681.533024
-1241.694414
333.248199
3518.352937
858.309841
1053.703780
-1921.835255
1243.465741
-1798.244824
193.792739
799.038016
3206.135017
1916.854698
-2717.825939
181.167670
-3383.962482
-2773.425874
-752.928921
-3119.027862
2168.459699
-1160.646283
-1591.727917
-2184.649237
-928.568468
-2938.090921
1857.255822
-2260.284661
-2790.594654
1683.614958
2663.045366
-1655.549024
-1746.370022
4.166705
2145.695199
-1864.653091
61.163951
3364.039812
2624.557728
-1590.268828
1266.821957
1653.834945
-4415.946317
-43.002255
1137.591018
152.495551
527.283052
3114.396957
3120.616356
1142.412588
153.190818
-1740.011541
-2693.536974
673.285727
1286.554625
2283.412540
-2023.829002
3260.053238
108.626818
-2974.319256
-1635.554407
483.846810
-373.990725
152.291603
-2347.127031
-270.827646
-463.512422
-604.982169
309.061642
731.615118
350.977093
-3681.016479
3636.521270
-331.252421
240.927887
465.013379
1389.796972
3693.150430
-3076.371941
-613.161791
3375.326259
1899.118597
-3345.257874
-1252.363111
519.123928
-2361.762797
-3694.536808
-1624.279081
-915.436636
-1319.295704
-2094.410074
533.687316
-1401.110696
2354.734997
-1164.595776
-814.111551
399.560839
3546.111956
-15.709247
-2273.086388
-750.869890
1672.397447
-2329.920194
-582.649009
-942.544680
-1088.989780
2127.063607
3470.015909
2136.267874
-998.738971
-2515.733624
846.552327
-1064.834728
-1549.591487
-3044.721313
733.378097
779.147355
-3587.013576
-430.279590
1500.272302
4246.719122
-852.492072
507.533382
-1682.176135
1232.510926
-3002.256111
2450.027660
1651.043562
1796.568605
3033.614391
-3575.116543
-108.250004
265.150651
-3188.580219
3241.498558
-2868.594414
-2224.768833
3636.601853
3464.184879
2296.137332
-548.736928
773.674874
-1037.141061
-2372.073925
1205.157956
-476.305711
413.758489
2874.021015
314.961184
2011.046650
-1761.939053
2882.961009
-1930.420341
1316.148088
13.584504
-3580.222153
2974.294794
-4223.435795
319.297949
-533.306890
-566.895588
760.086778
-1309.672637
-2548.764894
64.708205
29.724978
-589.294717
1168.417919
85.112573
1335.465326
-2483.211307
-3108.100641
-3137.786759
-2312.238854
1775.650843
-2888.731222
3686.317213
1887.001115
-2389.669269
-484.201988
30.069101
3095.285669
3315.608590
-2821.043680
-4144.638609
428.996509
3132.646344
1715.910531
2271.079907
-671.747826
1308.254941
-1084.974419
-3377.423069
2312.559945
-4067.418272
-3247.371712
-1712.857120
1889.640345
413.620844
-483.934169
488.369662
-1490.611420
2336.982832
550.439709
-1405.299746
-1706.706046
1673.047676
-2385.466167
-1839.370328
-1441.314343
-509.483484
2018.346737
2958.141502
1607.781035
1320.857237
-832.180713
-2013.713349
-1288.101788
-848.414396
1350.184575
4343.960176
-3315.311345
-43.845880
1747.194949
3054.035858
-4047.145337
-2910.530779
-451.910315
-85.256500
-2488.665058
2423.217306
-3181.796764
4420.365851
2928.360216
-676.628903
2137.309867
1604.800734
673.617878
1460.961310
2274.838911
-2799.527719
310.541296
740.428379
-2015.479500
-1010.162887
3453.986172
-1004.139556
4646.154709
2587.042253
-1905.937226
-3576.369053
-2269.770883
-2040.034365
-210.735585
-2851.072256
414.574060
79.448890
-2364.583670
2148.193208
956.572381
3154.388503
1386.212399
45.112184
-1533.791626
2148.794823
-3040.860887
-11.972009
-2162.393099
512.960754
519.473192
1189.136756
-681.021876
-275.047848
-761.198169
3506.316486
-1112.960222
1361.047598
964.268792
-1374.552643
2621.340726
-1930.094061
1114.123539
1572.931283
-372.271173
344.559931
-961.431362
-304.700902
1455.795788
-101.900231
-42.436628
16.134961
-4482.693004
205.593107
-1297.511265
2051.001437
798.445972
-2577.505279
-1705.121435
85.244722
-2791.652434
-1468.175173
912.548753
-3665.911563
-1286.072056
675.259908
-1599.312196
-72.059622
-2237.276091
-2203.254487
1039.205751
-1272.896239
172.702241
-618.360958
-831.089877
-3992.648825
1867.341224
-212.972677
-2000.639871
1287.103861
368.248364
-673.155262
-2168.234362
-1178.096380
20.045936
-4260.194526
-2206.103880
-90.119084
1609.292508
3909.888131
307.380836
1093.781547
-2510.259134
-200.569520
2530.609190
-1967.897265
3715.546198
2948.261719
-1706.750423
-2726.604458
-3461.907264
1458.720673
2290.370867
-1655.835916
1598.770182
-3229.785460
-2140.769253
-1866.206312
-379.430419
-272.599839
4896.656718
1644.037368
-661.473872
2490.753146
-3218.960118
-2623.787687
-437.487569
3284.124137
3099.911843
1833.493777
-2266.889333
-1264.198985
-2141.984182
2922.708799
3503.633198
2966.658221
771.345644
1870.287243
763.401813
-3874.978770
-2034.834492
-239.375147
2284.099867
3393.575980
1619.598716
802.960365
3537.459265
-1882.018001
-3271.657231
3178.434905
1981.848518
2400.375641
1677.562101
-535.868240
3102.420137
-1097.970428
-291.222594
2480.595919
-1245.212582
-1877.093832
1698.371319
-1703.012406
3042.478351
-984.691579
2029.803981
-2411.010319
709.708858
-98.769312
179.157192
-2245.802111
-1206.979010
-1923.682070
1305.388858
-1031.589472
2006.133825
1213.678350
-262.178294
277.350536
416.454586
2316.555131
-49.242212
-1507.830818
-719.829444
4918.821753
4902.519495
2267.325944
-1529.207545
242.426400
-333.652219
-920.207619
-1804.396742
-1799.934546
-3047.373244
-1779.709895
2056.910655
2706.500898
-2097.003352
1492.953885
116.872803
-48.895600
1615.011990
1119.936522
-2471.606219
675.053656
-1814.461653
1687.183980
323.078369
-2082.345564
391.541713
-1454.336689
-3984.893432
-946.650243
-2789.970576
185.527902
-4529.100758
786.745691
-1050.781778
92.699021
-2329.134535
-1366.557659
2164.156107
-3895.282064
-200.930298
-619.694559
2559.933294
1632.299614
-2526.548892
-230.259443
-3528.160511
-3501.595932
-1382.686579
2780.297436
2455.425426
698.561577
286.326610
3659.153403
3959.348517
858.407557
1247.769643
-2492.444153
-2939.190795
2690.844096
2668.609871
36.048280
-1607.574888
-1310.967172
1907.843551
4123.780793
-2181.347378
2608.075285
-810.593422
654.493573
183.339602
-712.498350
-1337.538226
-1765.214467
3445.143596
-5.675879
-2212.879838
-981.172763
-3840.383461
2432.099973
4358.817858
1118.694930
2287.623330
1140.059436
-295.023589
25.408136
-255.311658
-1613.694818
251.933904
2885.220265
2356.435788
282.069716
-3750.730354
1046.027034
171.480803
17.738355
-396.784920
-3427.066533
89.064087
-1147.108082
-1726.570274
2236.741212
-1431.401505
-3692.537340
-2607.192886
1687.962374
-1235.250163
-778.839670
-2240.817445
-2084.945900
-3144.843646
1507.163158
-4035.578085
-421.188405
1168.712632
-1886.872508
1178.681666
-1258.894564
-2389.762428
2586.259687
-1030.060398
-2260.264773
-1519.041344
4050.535046
4032.012378
-3248.294938
1493.095026
1732.041808
-1727.276316
-132.230334
1867.177914
-1157.184857
1228.195208
-1409.972160
2792.580932
3090.139208
2160.491206
-2387.073178
1096.199354
89.492021
78.703715
-2123.687488
1270.511367
2668.051446
3123.995916
217.486541
-4290.125251
2930.881729
2294.345736
629.168367
2490.770921
1418.637932
4050.025762
1815.161391
1994.486941
-2229.335557
2569.037698
216.184586
-2092.014436
-1582.276019
3476.967312
-1000.307677
658.995161
1645.438181
-2232.457883
674.130261
-2228.979202
-76.598431
-752.988634
-2149.767457
-1965.089377
-2104.825622
2096.885273
2584.970754
-2976.333620
-2615.426485
-4370.530952
3323.028311
-457.601794
-107.103642
2632.418427
937.807966
-2434.876074
2783.362223
1679.486626
-2881.661203
-947.903375
-447.157038
-265.235576
-272.444360
-1793.126380
1156.149206
3480.577230
2266.001016
-63.874805
-941.635871
4569.211260
-1143.004670
2200.763958
1651.352740
-1729.200588
-680.539910
2705.336945
1982.811388
2008.240349
-3006.711210
-3659.534971
-960.533732
-3202.694491
3318.083353
2783.427771
614.424905
-2734.691523
-834.831729
-963.718822
-1534.285035
-206.801911
516.858672
57.536589
-419.293205
-1751.512186
948.656658
-2118.794660
115.007388
579.875807
-3057.880399
1242.844498
2326.499202
169.549981
4027.475163
-803.581590
4035.166451
-1964.193688
-3160.647543
-1339.137957
1166.283367
-2167.269887
-1662.809340
3274.464817
-2632.227001
2948.983960
-3513.406385
-1948.025046
777.616693
-198.291158
1027.380812
-4101.851635
-191.729307
-1931.491405
-535.681392
1255.237826
-213.267430
-2906.057935
567.428938
-63.775690
-180.298768
-3506.537383
-2501.039844
739.572858
1468.453333
2030.798396
1320.725019
-1880.877949
-1242.854133
2685.794995
-1993.092300
1546.622449
-1397.415884
-3296.494355
2599.339698
3710.649473
1213.704942
880.167510
-124.853239
3040.198395
423.797122
-1025.003764
-2906.961292
-2424.549225
260.764929
3441.862052
-3890.882022
-85.825139
331.012145
-1047.608786
3861.031419
2374.113916
-1603.177627
-495.580112
1625.994567
36.297571
660.559292
2376.468722
1289.006212
489.174887
192.547180
-4082.485423
3698.936167
-1185.300210
3158.971106
1406.304766
-2648.643864
-2417.269673
680.476240
-3398.717718
-2281.468680
-2061.889815
-3323.733525
3259.414044
2261.758536
3076.252366
2494.719901
2170.672319
-98.992098
857.566225
-803.632038
-2565.211179
1715.868502
-3578.218494
883.639064
-1807.801598
-1812.105208
-1558.832404
-832.994752
-1439.894091
1824.760376
-3806.210028
959.876610
981.712623
652.641047
-2317.671459
-2112.871781
-2625.459095
254.524968
2733.835964
98.268622
-2713.712090
607.460683
305.295903
446.663924
-1385.483129
-1322.351016
-2890.347051
820.136268
-1045.598171
-55.134762
-959.255898
-520.106857
-1874.518411
-3071.917445
-632.302318
-557.422613
1731.391541
587.365288
1993.241391
693.803519
-865.402870
-3222.132629
729.598445
2003.876079
-617.635290
-351.807076
2350.052063
-1846.836671
2592.952523
2877.691874
1398.551504
-2935.395487
3300.355938
2561.269206
4080.575465
-2631.102728
-963.543234
1496.034040
2178.227506
2876.052113
-3883.142511
1631.374217
1276.572954
3169.254494
-2796.334833
1676.648687
-920.043287
-465.863168
2827.448937
-4506.960531
-869.529541
1593.640741
109.022969
2152.389047
865.385426
-1597.736403
-28.760332
382.305599
2091.237904
-91.608097
-1166.718256
-2348.570941
1413.076712
-125.653296
3088.034188
2141.777777
2383.945536
1672.748131
-1862.569868
2158.645351
-4204.022333
836.104820
1107.496851
-1019.378784
-1667.393752
-352.379852
-3546.934484
-1470.524995
1837.162509
-2017.847393
-892.070738
1268.783338
-1144.757956
-865.164452
1366.360168
-1704.200425
937.751982
498.495516
1321.389496
1220.571596
-2122.411102
4718.931031
446.429683
1553.093052
-1100.056756
949.587432
-937.781138
1861.518157
-1081.824505
-3298.363388
265.682883
246.903453
1434.862618
-1914.191545
2277.582923
1878.309396
3512.959548
2585.225508
2128.239333
715.688425
759.215364
-224.518854
-224.335409
1184.090740
-604.647438
1552.719628
779.611555
-1864.464472
-3838.542191
-2913.830028
-1411.685641
2776.052075
30.877818
-660.828400
904.438207
3232.379143
-428.265000
1186.295644
1803.165808
-1348.833777
3758.380346
-823.363302
1113.908703
688.140856
-27.485429
1848.139683
-2401.077198
-2446.693994
-208.328326
-631.589403
-1277.305814
-461.007063
-3692.860135
1499.651444
1655.855684
468.308652
-1294.968185
-566.034452
-583.663848
-895.418003
822.788691
2809.996332
-2482.198470
-1087.269525
889.896447
-389.213215
3246.942029
895.068446
-1086.829117
-1493.460481
-1906.150072
527.654083
-3748.210456
-861.268681
385.589007
-1232.359238
-3683.076457
-2806.427910
67.221759
-4294.819218
-2317.538358
2335.470291
1495.992728
2014.511782
-272.065678
2077.956672
-308.354585
-1881.829043
-1359.909738
4163.174992
721.131366
1269.784702
-3652.717284
2698.278733
2467.133078
716.222037
1915.493683
-1658.423423
-360.660271
2375.950922
-2806.987529
2296.678585
-1072.190812
-1570.251967
3794.797780
3032.470264
-766.724977
-1661.731962
869.168354
-1702.324944
332.435778
-138.909603
418.845468
3237.945975
-84.021936
469.616315
-2453.563764
-303.244663
-2839.273071
-1422.972747
4689.874491
2632.921055
-1727.773183
-2694.132044
-1001.482430
222.223689
-1606.225575
-2310.452105
2983.287628
-1101.968844
-1342.817836
1189.662774
699.702910
498.179141
-1657.337451
337.597763
-1872.188498
199.269337
-1492.645304
646.538754
2764.036690
3301.384994
-921.642082
-331.710286
1103.601486
1896.939724
-2421.068906
-623.900528
-126.307906
3217.184798
-1561.500866
1072.235311
-605.661912
1466.965498
-1676.704198
413.180553
3611.810570
1229.757780
-1716.328987
-2830.819650
1635.014403
-2564.330011
-934.192634
-23.879736
1273.511124
-664.612339
-1176.227990
-1701.844424
-810.724795
492.979911
2731.359235
-123.759860
695.214832
723.003093
-2084.317890
-899.304770
2583.034663
-3888.405800
-2125.337287
-1721.757191
749.242030
-4000.073689
626.593324
-220.069221
-2330.069537
3046.693654
-1017.326038
1275.794037
-1578.705856
2266.405756
-2411.191896
1224.637963
510.468387
-2824.075613
-965.486450
-2075.689230
-1138.588719
3149.652222
2542.383848
-750.549347
977.155533
-2368.002340
1222.233948
685.642189
1889.364610
-869.802799
-780.754225
-4095.524188
-202.650449
-605.891989
730.543668
-511.524099
-1911.222612
574.293135
3224.852009
2908.274590
-1597.098770
-28.981362
881.771580
