   1.2698682e+02   9.5716695e+02   8.4912931e+02   2.7692298e+02   7.6551679e+02   6.5509800e+02   5.0595705e+02   8.1428483e+02   5.8526409e+02   5.3079755e+02
   9.1337586e+02   4.8537565e+02   9.3399325e+02   4.6171391e+01   7.9519990e+02   1.6261174e+02   6.9907672e+02   2.4352497e+02   5.4972361e+02   7.7916723e+02
   6.3235925e+02   8.0028047e+02   6.7873515e+02   9.7131781e+01   1.8687260e+02   1.1899768e+02   8.9090325e+02   9.2926362e+02   9.1719366e+02   9.3401068e+02
   9.7540405e+01   1.4188634e+02   7.5774013e+02   8.2345783e+02   4.8976440e+02   4.9836405e+02   9.5929143e+02   3.4998377e+02   2.8583902e+02   1.2990621e+02
   2.7849822e+02   4.2176128e+02   7.4313247e+02   6.9482862e+02   4.4558620e+02   9.5974396e+02   5.4721553e+02   1.9659525e+02   7.5720023e+02   5.6882366e+02
   5.4688152e+02   9.1573553e+02   3.9222702e+02   3.1709948e+02   6.4631301e+02   3.4038573e+02   1.3862444e+02   2.5108386e+02   7.5372909e+02   4.6939064e+02
   9.5750684e+02   7.9220733e+02   6.5547789e+02   9.5022205e+02   7.0936483e+02   5.8526775e+02   1.4929401e+02   6.1604468e+02   3.8044585e+02   1.1902070e+01
   9.6488854e+02   9.5949243e+02   1.7118669e+02   3.4446081e+01   7.5468668e+02   2.2381194e+02   2.5750825e+02   4.7328885e+02   5.6782164e+02   3.3712264e+02
   1.5761308e+02   6.5574070e+02   7.0604609e+02   4.3874436e+02   2.7602508e+02   7.5126706e+02   8.4071726e+02   3.5165951e+02   7.5854290e+01   1.6218231e+02
   9.7059278e+02   3.5711679e+01   3.1832846e+01   3.8155846e+02   6.7970268e+02   2.5509512e+02   2.5428218e+02   8.3082863e+02   5.3950119e+01   7.9428454e+02
