   3.1478350e+02
   7.2674147e+02
   5.1577286e+02
   7.9064490e+02
   2.0449258e+02
   6.7810608e+02
   5.2485543e+01
   8.0117236e+02
   6.7856864e+02
   9.4600895e+02
   9.1558143e+01
   9.0843837e+02
   5.0995304e+02
   6.1490357e+02
   3.1607120e+02
   7.7487482e+01
   8.5061407e+02
   1.4452691e+02
   3.7048579e+02
   6.2239143e+02
   9.9755190e+02
   5.1734413e+02
   9.9051122e+02
   2.2653446e+02
   3.9800519e+02
   6.9656869e+02
   6.4640759e+01
   7.4766158e+02
   4.2040043e+02
   8.1131742e+02
   3.7960529e+02
   3.1906782e+02
   9.8605107e+02
   7.1818091e+02
   4.1318336e+02
   9.8630237e+01
   7.3455913e+02
   6.3730629e+02
   7.3841877e+01
   1.2050817e+02
   9.8159621e+02
   4.9679942e+02
   2.2413654e+01
   5.3831549e+01
   1.4087380e+02
   8.9347431e+02
   4.6582007e+02
   5.6085674e+02
   4.9445635e+02
   6.7785488e+01
   8.9764654e+02
   2.8856531e+02
   2.6904681e+02
   5.9419418e+02
   4.7587902e+02
   3.6831104e+02
   6.5561109e+02
   9.3820041e+02
   6.2042519e+02
   2.8284009e+02
   2.0518125e+02
   4.3913408e+02
   2.7250220e+01
   8.7618434e+02
   6.1009225e+02
   2.0359238e+02
   5.1991682e+02
   5.3824302e+01
   8.6218743e+02
   4.4293467e+02
   5.4800916e+02
   5.6686083e+02
   6.8039499e+02
   3.7137858e+02
   7.8228709e+01
   4.5635072e+02
   4.7843800e+01
   7.3825699e+02
   3.8001535e+01
   9.5424432e+02
   7.4237233e+02
   9.3744957e+02
   5.1336399e+02
   2.4090480e+02
   2.5996528e+02
   7.5897416e+02
   9.9334276e+02
   3.5670575e+02
   7.5285784e+02
   1.1004850e+02
   5.9704523e+02
   4.3059520e+02
   7.3071802e+02
   2.6117617e+02
   9.4807682e+01
   4.5096349e+02
   6.4007451e+02
   1.3203882e+02
   4.5282243e+02
   6.5219960e+02
   8.2699833e+02
   3.0807691e+02
   4.0236358e+02
   8.8423132e+02
   7.0057951e+02
   2.4187230e+02
   7.5983182e+02
   2.9092574e+02
   2.7743872e+02
   6.1078030e+00
   3.7471114e+02
   4.3693278e+02
   3.0429847e+02
   2.9086033e+02
   2.4251631e+02
   9.3668361e+02
   8.6019024e+02
   3.9722826e+02
   4.7941910e+02
   5.6499609e+02
   4.8961939e+02
   2.6981163e+02
   9.8974014e+02
   1.8367570e+02
   8.6165672e+02
   3.2632572e+01
   3.3195802e+02
   7.4874700e+02
   6.4436646e+02
   1.6923796e+02
   9.5220510e+02
   5.4327024e+02
   2.5141348e+02
   5.7857231e+02
   9.1547660e+02
   8.9559653e+02
   4.8250662e+02
   4.4273998e+02
   3.1175495e+02
   5.5313772e+01
   7.5379177e+02
   1.3194748e+02
   3.5592212e+02
   3.9587096e+02
   8.8552123e+02
   2.1239549e+01
   8.4408072e+02
   2.8807064e+02
   2.5034288e+02
   4.8837964e+02
   7.2903612e+02
   2.0261610e+02
   2.1627621e+02
   9.7633451e+02
   5.9323579e+02
   3.0440358e+02
   9.6770288e+02
   8.9596983e+02
   1.9002548e+02
   1.7993239e+00
   7.1176376e+02
   8.6772679e+02
   1.1830791e+02
   3.9022977e+01
   5.9819453e+02
   6.0431351e+02
   5.1643241e+02
   7.5074041e+00
   6.8893336e+02
   9.4602038e+02
   8.7353646e+02
   1.1327645e+02
   3.5456934e+02
   2.4193683e+02
   5.6033331e+02
   6.1272711e+02
   3.0080909e+02
   7.9814171e+02
   7.9564163e+02
   7.8109227e+02
   3.5109843e+02
   5.4297354e+01
   7.0870462e+02
   9.9292844e+02
   1.6247649e+02
   1.1356634e+02
   9.1287543e+02
   4.8165698e+02
   8.5180595e+02
   8.0991380e+02
   1.8675954e+02
   2.4719986e+02
   5.4188841e+01
   6.0896146e+02
   7.7723243e+02
   5.1106409e+02
   2.7750088e+01
   9.9038528e+02
   5.0093992e+02
   3.3199749e+02
   1.7388314e+02
   6.2563639e+02
   5.7513483e+02
   7.5098538e+02
   1.5351880e+02
   3.5678720e+02
   1.4395080e+02
   8.5060766e+02
   3.3786974e+02
   2.7519649e+02
   6.0109731e+00
   8.0191197e+02
   4.9740828e+02
   5.3784284e+02
   8.7091252e+02
   7.2284357e+02
   6.6808593e+02
   1.7882779e+02
   5.5049535e+02
   9.5987508e+02
   5.9602167e+02
   8.0857071e+02
   9.8453235e+02
   8.8592445e+02
   2.1383700e+02
   3.4630061e+01
   4.5112379e+02
   1.3794557e+01
   4.7371075e+02
   9.5119709e+02
   2.4895228e+02
   3.8642280e+02
   4.3143338e+02
   8.3088648e+02
   8.2464682e+02
   4.5299861e+02
   3.8056017e+02
   9.2586854e+02
   7.4084363e+02
   7.3763307e+02
   9.4691600e+02
   5.1009971e+02
   7.9187918e+02
   4.5217350e+02
   8.4919871e+02
   3.9043083e+02
   7.3837651e+02
   9.7643856e+02
   5.2329906e+02
   4.2991530e+02
