   7.7673002e+02
   4.0556793e+01
   8.1197318e+02
   7.5367009e+02
   8.8877097e+02
   1.8173630e+02
   7.1874843e+02
   3.5747297e+02
   2.8515278e+01
   3.6929659e+02
   1.8607214e+02
   5.2777392e+02
   4.2678156e+02
   6.2595310e+02
   7.6041774e+02
   2.4023599e+02
   1.6821982e+02
   1.9838840e+02
   6.4559106e+02
   9.5041393e+02
   8.2095249e+01
   9.6662135e+02
   7.5976116e+02
   6.2010770e+02
   9.6890725e+02
   6.4520650e+02
   7.8680537e+02
   3.2214599e+02
   3.9861474e+02
   6.7242510e+02
   7.9667043e+02
   5.4309174e+02
   1.0407098e+02
   1.6907078e+02
   3.4038901e+02
   3.3080176e+02
   4.9680433e+02
   4.7235110e+02
   7.7936578e+02
   3.7999687e+02
   3.9323375e+02
   7.4465249e+02
   4.7785456e+02
   5.5903729e+02
   4.9117314e+02
   6.1850520e+02
   4.5548588e+02
   9.1118044e+02
   7.4379534e+02
   3.7931822e+02
   7.3069719e+02
   2.5995389e+02
   5.9329572e+02
   2.6923919e+02
   6.9902048e+02
   6.2904168e+02
   9.3842930e+01
   8.0371807e+02
   3.8289153e+02
   7.3966870e+02
   3.1867449e+02
   3.0349436e+02
   8.6403412e+02
   6.3773680e+02
   2.5005165e+02
   2.3955266e+02
   3.8333205e+02
   5.5354517e+02
   5.0213424e+02
   1.5036702e+02
   5.1825924e+02
   4.7278448e+02
   5.6609704e+02
   2.8522784e+02
   3.4306747e+02
   1.3408915e+02
   3.0102833e+02
   8.8921540e+02
   5.1527310e+02
   9.6374800e+02
   9.5559256e+02
   4.3002247e+02
   1.7081247e+02
   5.6027061e+02
   3.1937483e+02
   2.1966488e+02
   4.2487681e+02
   9.5952466e+02
   3.8733407e+00
   4.0738237e+02
   4.3462531e+02
   3.8936019e+02
   6.6103862e+02
   8.5873118e+02
   5.2137503e+02
   4.1718868e+02
   5.7269850e+02
   2.7147674e+02
   3.5463564e+02
   4.2082991e+02
   4.9966058e+02
   3.5100140e+02
   1.2426748e+02
   8.0797282e+02
   1.0278935e+02
   4.6220582e+02
   3.2141603e+02
   4.8648302e+02
   8.5102007e+02
   6.1713496e+02
   4.2788422e+01
   9.6116206e+02
   6.5561612e+02
   9.6051678e+02
   5.0068761e+02
   6.4835705e+02
   3.8252506e+02
   6.3950887e+02
   9.9858136e+02
   7.0876051e+01
   1.1087310e+02
   3.4840962e+02
   9.5376231e+02
   2.0209026e+02
   6.0292497e+02
   4.5633525e+02
   3.1905702e+02
   7.1173852e+02
   3.7223517e+02
   1.9202363e+02
   2.0022532e+02
   3.8882236e+02
   5.4836087e+02
   4.8743204e+02
   7.3633818e+02
   9.1244104e+02
   1.6875891e+01
   7.0204520e+02
   8.9793296e+02
   3.3976534e+02
   6.5506941e+01
   6.5617453e+02
   3.1892403e+02
   2.9510688e+02
   6.7033314e+02
   7.0900872e+02
   3.8635992e+02
   9.5689874e+01
   9.9604255e+02
   3.4996402e+02
   7.0079583e+02
   6.3076910e+02
   3.6494551e+02
   3.3154242e+02
   2.7544694e+01
   4.7737806e+02
   3.4441657e+02
   2.0471174e+02
   3.6224645e+01
   4.9584848e+02
   6.0075174e+02
   4.4552474e+02
   5.8810721e+01
   7.1482837e+01
   6.2385709e+02
   2.7226102e+01
   7.4316610e+02
   8.0672288e+01
   5.2867291e+02
   5.5630333e+02
   3.3488037e+02
   9.8190755e+02
   4.3545231e+02
   4.2071808e+02
   1.8790135e+02
   3.4222757e+02
   6.3397396e+02
   1.4947485e+02
   7.4107186e+02
   9.1340993e+02
   9.7538502e+02
   6.1828534e+02
   4.1469055e+02
   4.7866325e+02
   6.4753788e+02
   1.0774772e+02
   1.4278072e+02
   6.4920705e+02
   6.1497143e+02
   9.5314221e+02
   7.8380073e+02
   1.9146341e+02
   9.5482793e+02
   8.8996492e+01
   5.5660892e+02
   1.0749667e+02
   2.9338583e+02
   7.5528617e+02
   4.0619274e+02
   1.2459588e+02
   6.5283512e+02
   9.1457382e+02
   4.6559244e+02
   4.4721072e+02
   2.2308300e+02
   9.3686675e+02
   2.2563828e+02
   7.6332142e+02
   3.9863840e+02
   8.2906006e+02
   9.3941662e+02
   9.2969216e+02
   1.1231709e+02
   5.3675892e+02
   9.4203006e+02
   5.5169830e+02
   8.9390019e+02
   6.0729035e+02
   4.8994217e+02
   6.1239049e+02
   8.7042193e+02
   4.9302945e+02
   8.6077112e+01
   6.0399940e+02
   8.9664110e+02
   3.1909741e+02
   6.5539975e+02
   6.5052797e+02
   4.7284049e+02
   6.7423384e+02
   2.0438698e+02
   3.9351214e+02
   4.1959056e+02
   4.0955003e+02
   8.8880262e+02
   3.4776524e+02
   9.8790427e+02
   3.8767963e+02
   1.3779928e+02
   5.9579445e+02
   7.2891341e+02
   3.6554339e+02
   2.0140681e+02
   7.2571492e+01
   4.7908586e+02
   9.8915866e+02
   4.7579606e+02
   5.9925419e+02
   6.9757429e+02
   6.7593748e+01
   4.5251791e+01
   8.8505975e+01
   8.3039741e+02
   7.8048755e+02
   9.8285629e+02
   2.2380663e+02
   8.7798196e+02
   4.5442619e+02
   7.4577726e+02
   7.2011635e+02
   4.0919489e+02
   2.6951653e+02
   9.2960315e+02
   5.2882953e+02
   1.0757324e+02
   4.8753247e+02
   8.2364895e+02
   8.0942770e+02
   8.9636538e+02
   8.9997424e+01
   7.6323696e+02
   4.1074366e+02
   1.4452871e+01
   9.0551725e+02
   5.4462615e+02
   9.4513298e+02
   4.2044862e+02
   3.2285674e+02
   4.7937481e+02
   2.7504342e+02
   8.5746826e+02
   2.8379362e+02
   2.1963078e+02
   4.1772319e+02
   3.0183629e+01
   7.8048351e+02
   1.2069268e+02
   6.5016163e+02
   2.0070596e+02
   3.0566161e+02
   5.9654742e+01
   6.7333903e+02
   8.9925980e+02
   1.9478823e+02
   8.2448288e+02
   1.3211886e+02
   3.2483848e+02
   6.0513661e+01
   1.1663610e+02
   7.8930042e+02
   4.6176607e+02
   2.7528270e+02
   6.7880055e+02
   1.2788112e+02
   1.8898416e+02
   3.7024193e+02
   6.2401530e+02
   5.8940746e+02
   2.8493552e+02
   5.6731143e+02
   9.0296932e+02
   7.1192581e+02
   9.0185913e+02
   5.3605716e+02
   2.7979452e+02
   8.9167258e+02
   5.2163366e+02
   6.0267086e+02
   5.0631203e+02
   6.7767226e+02
   4.3834303e+02
   6.1992197e+01
   3.6179403e+02
   2.5521126e+02
   1.9999436e+00
   2.9107720e+02
   7.2117962e+02
   6.4512848e+02
   7.9526262e+02
   2.1936385e+02
   7.0829711e+02
   8.8654924e+02
   5.4476371e+01
   8.1966245e+02
   5.7753031e+02
   6.2450890e+02
   5.1805842e+02
   5.1101667e+02
   8.8765967e+01
   5.7435478e+02
   2.1205186e+02
   3.1126164e+02
   2.6444594e+02
   4.1074902e+02
   9.9488214e+02
   5.9390940e+01
   3.7048686e+02
   1.2568499e+02
   3.2001980e+02
   1.8084354e+02
   2.0638617e+02
   1.0143871e+02
   2.2305400e+02
   8.2977837e+02
   6.4778336e+02
   8.3185403e+02
   7.5361953e+02
   7.8768293e+02
   1.0764144e+02
   3.4906275e+02
   3.1548214e+02
   9.3071931e+02
   5.7309962e+02
   8.0906574e+02
   1.0816656e+02
   9.4617778e+02
   2.3366778e+02
   4.9668458e+02
   6.1497403e+02
   3.3796462e+02
   9.7460371e+02
   7.4172526e+02
   2.7531418e+01
   3.8096549e+02
   8.3070970e+02
   8.3416021e+02
   8.5668243e+02
   4.6320221e+02
   6.4544482e+02
   5.2441896e+02
   2.1380984e+02
   4.8445971e+01
   7.1493837e+02
   4.7267603e+02
   5.9008208e+02
   4.9685970e+02
   6.8436825e+02
   8.7481002e+02
   4.4825744e+01
   5.8950450e+02
   5.5332403e+02
   7.8629732e+02
   4.2929755e+02
   7.8374589e+02
   4.0602419e+02
   4.8596318e+02
   3.8192955e+02
   1.3581885e+02
   4.6112815e+02
   3.9985471e+02
   5.5220126e+02
   2.4297316e+02
   1.1744433e+02
   6.5041431e+02
   2.9299705e+02
   8.8560561e+02
   6.9210943e+02
   2.3300440e+02
   1.1127762e+02
   2.1166532e+01
   5.4732947e+02
   6.1700367e+02
   3.1917774e+02
   6.6542079e+01
   5.0495513e+02
   9.0427076e+02
   3.3855473e+02
   3.0589135e+02
   4.6987171e+00
   2.7234031e+02
   8.8868869e+02
   7.8519717e+02
   1.6974348e+02
   7.5104728e+02
   3.7406278e+02
   3.6537136e+02
   4.7448972e+02
   5.1407957e+02
   4.8293037e+01
   1.9293285e+02
   2.3811403e+02
   8.2193929e+02
   8.2582036e+02
   7.3448976e+02
   8.7137119e+02
   3.5355241e+02
   2.8282937e+01
   9.3794760e+02
   3.7798621e+02
   5.7990100e+02
   9.0114430e+02
   4.0052708e+02
   7.5899605e+02
   3.3719690e+02
   6.2381252e+02
   3.1062624e+02
   3.8891566e+01
   4.2800236e+02
   6.3453146e+02
   3.8965396e+02
   5.2327985e+02
   1.6851524e+02
   2.2211924e+02
   6.0496809e+02
   5.2678644e+02
   1.4734118e+02
   6.2686680e+02
   1.6496317e+02
   4.7493371e+02
   1.5992828e+01
   8.4055153e+02
   8.5867229e+02
   8.5428966e+01
   2.8684001e+02
   6.4687767e+02
   7.3007486e+01
   9.2535974e+02
   3.0162644e+02
   4.9583554e+02
   6.8943459e+02
   6.4067712e+02
   8.9034772e+02
   3.6848545e+01
   3.5096486e+02
   3.8505319e+02
   2.9563283e+02
   7.0486675e+02
   9.9954391e+02
   8.2773925e+02
   6.3903514e+02
   9.3473358e+02
   7.2168589e+02
   4.4781809e+02
   8.9232031e+02
   7.1475516e+02
   8.5201951e+01
   4.2235984e+02
   6.4912798e+01
   4.0318968e+02
   2.7159604e+02
   8.9647503e+02
   8.9917986e+02
   1.3740027e+02
   7.6647697e+02
   9.9284007e+02
   8.8581237e+02
   2.2404112e+02
   2.6625260e+02
   4.1827717e+02
   4.9867785e+02
