   9.4411573e+02
   8.9518470e+02
   2.2088791e+02
   4.2503329e+01
   8.5147236e+02
   2.3955679e+02
   5.9541993e+02
   8.4243984e+02
   7.2977972e+02
   3.3983595e+02
   7.5635849e+02
   2.5225938e+02
   4.3938429e+02
   7.0513746e+02
   9.3932143e+02
   3.4347873e+00
   9.6734483e+02
   5.6259491e+02
   4.3636866e+02
   7.3070470e+02
   6.4681651e+02
   4.9698831e+02
   8.4146855e+02
   4.4173646e+02
   4.4505607e+01
   1.6787315e+02
   9.7569243e+02
   4.3534363e+02
   1.3824649e+02
   8.9367775e+02
   4.9670440e+02
   5.1752721e+02
   8.5601867e+02
   6.8288928e+02
   7.4758942e+02
   9.4417417e+02
   8.3481118e+02
   3.7105292e+02
   5.0629285e+02
   4.6818611e+02
   6.1191467e+02
   5.4682918e+02
   5.8883969e+02
   9.3520748e+02
   6.8809719e+02
   6.5775667e+02
   8.0933045e+02
   1.0586893e+02
   9.2969695e+02
   1.4022406e+01
   2.1897302e+02
   1.8253431e+02
   1.9101598e+02
   4.1519619e+01
   6.1776582e+02
   6.9921496e+02
   7.7004219e+02
   5.4585727e+01
   8.8335765e+02
   2.1151789e+01
   8.7319312e+02
   9.3499524e+02
   1.3036946e+02
   9.4421329e+02
   4.2217654e+02
   5.4413820e+02
   4.1112033e+02
   2.0742848e+02
   6.4543374e+02
   2.0065152e+02
   1.5579260e+02
   7.6499075e+02
   3.7145358e+02
   8.8022574e+02
   9.4435621e+02
   5.3120111e+02
   3.5435607e+02
   9.1747916e+02
   1.9676453e+02
   3.6141792e+02
   6.7586794e+02
   7.7070335e+02
   9.4950908e+02
   4.1577888e+02
   3.7457941e+02
   7.0497831e+02
   3.9081280e+02
   8.1125095e+02
   9.4893197e+02
   5.5688127e+02
   8.1199482e+02
   7.6165530e+02
   7.3732924e+02
   7.3167056e+02
   9.8440679e+02
   5.4556993e+02
   1.5967180e+02
   7.7702401e+02
   8.2592318e+02
   5.2195815e+02
   6.7255914e+02
   9.6710384e+02
   6.0785047e+02
   6.7614043e+02
   9.0071829e+02
   9.6481948e+02
   5.2315546e+02
   7.9398392e+02
   4.5554134e+02
   3.2153928e+01
   5.6797559e+02
   6.5766316e+02
   8.4793740e+02
   7.3302849e+02
   3.3489422e+02
   2.9330961e+02
   8.9975174e+02
   2.2840636e+02
   1.4928976e+02
   8.7207574e+02
   6.5612445e+02
   3.5169046e+02
   3.1071071e+02
   4.2373378e+02
   6.8291966e+02
   4.4976744e+02
   5.0470637e+02
   2.5032757e+02
   6.6184733e+02
   2.4348167e+01
   8.6660162e+02
   6.4986853e+02
   2.9116272e+02
   6.5675542e+02
   7.9120409e+02
   5.7843735e+02
   5.6334017e+02
   1.1603627e+02
   7.1942825e+02
   8.2099350e+01
   7.1705846e+02
   2.8004964e+02
   8.6551719e+02
   8.6862088e+02
   6.6738287e+02
   5.5248978e+02
   7.7336045e+02
   1.1153387e+02
   2.6239777e+02
   8.2685781e+02
   6.4760413e+02
   4.4986702e+02
   2.8362100e+02
   8.1562714e+02
   1.0175567e+01
   9.0047150e+02
   4.3976634e+02
   6.1565069e+02
   7.1049642e+02
   8.3088428e+02
   3.9083060e+02
   3.3455604e+02
   1.5748171e+02
   7.1210260e+02
   2.4255443e+02
   3.6586121e+02
   1.3712408e+02
   3.0311808e+02
   5.9469786e+02
   7.5137302e+02
   8.1500204e+02
   8.4946219e+01
   2.7789481e+02
   5.7219108e+02
   9.0769167e+02
   6.4049345e+02
   6.4489810e+01
   4.8908733e+02
   2.0217492e+02
   6.8495113e+02
   9.6151015e+01
   6.7134457e+02
   9.8761713e+02
   5.0227202e+02
   3.1048877e+02
   4.1726361e+02
   8.5294389e+02
   5.6944626e+02
   2.6110861e+02
   5.7426243e+02
   6.2166801e+02
   4.6580517e+02
   8.1299892e+02
   5.5100785e+02
   8.8958448e+02
   2.9698883e+02
   1.2959420e+01
   1.1216926e+02
   2.8973158e+02
   8.8517898e+02
   6.4627232e+02
   3.9062404e+02
   6.1064485e+02
   8.1190186e+02
   1.7756444e+02
   8.7210411e+02
   1.6561944e+02
   7.4620968e+02
   6.8648318e+02
   2.1867375e+02
   3.4579682e+02
   9.2609115e-01
   2.7914125e+02
   9.9720404e+02
   5.4098190e+02
   2.7738380e+02
   1.1207032e+02
   9.2535836e+02
   2.9000091e+02
   8.8969140e+02
   4.5310945e+02
   4.5361150e+02
   9.6469322e+02
   3.4769028e+02
   9.0847169e+02
   2.8375485e+01
   9.9137342e+01
   6.4350549e+02
   9.6925746e+02
   9.2307620e+02
   9.0537305e+02
   4.6737629e+02
   8.5204030e+02
   3.5303925e+02
   3.6866593e+02
   9.9277160e+02
   5.9198531e+02
   2.2598783e+01
   1.7324797e+02
   6.0604902e+00
   4.5213591e+02
   7.1347451e+02
   4.3690430e+02
   8.0692103e+02
   5.4190255e+02
   8.0273452e+02
   6.9046394e+02
   7.1767131e+02
   8.6010448e+02
   4.1590869e+02
   6.6685115e+02
   6.4333566e+02
   3.7124229e+02
   6.1347329e+01
   6.7549096e+02
   3.3301220e+02
   6.0370808e+02
   8.3706683e+02
   5.0899913e+02
   5.5826122e+02
   2.4970830e+02
   7.8221826e+02
   8.9287749e+02
   9.6662090e+02
   8.3772944e+02
   7.9060223e+02
   3.5907456e+02
   2.3270236e+02
   3.8209144e+02
   4.8660065e+02
   2.3158102e+02
   3.2996749e+02
   2.8813299e+02
   4.2594003e+01
   5.9124518e+02
   8.4545233e+02
   3.7158587e+02
   2.0894750e+02
   7.0262426e+02
   6.1417378e+02
   1.0397706e+02
   5.9778578e+02
   5.7787143e+02
   3.8390961e+01
   8.5903266e+02
   3.6703127e+02
   9.8484785e+02
   8.6058513e+02
   8.0399331e+02
   8.7854027e+02
   4.7860934e+02
   6.3875054e+02
   5.1553737e+02
   9.1919319e+02
   8.6566108e+02
   9.1011586e+02
   4.6251264e+02
   6.7106062e+02
   3.7256368e+02
   3.1213937e+02
   4.4398331e+02
   3.7116787e+02
   4.7936912e+02
   5.7122598e+02
   1.4271831e+02
   5.5055297e+02
   9.6008913e+01
   3.5787712e+02
   9.3160652e+02
   4.2280806e+01
   3.1825613e+02
   9.1961985e+02
   5.7862808e+02
   7.7980392e+02
   5.2155006e+02
   5.2725616e+02
   4.9529247e+02
   5.5883823e+02
   3.6829925e+02
   5.6119206e+02
   3.1067494e+02
   9.2811710e+02
   2.2900585e+02
   2.0355572e-01
   4.9809817e+02
   7.6490374e+02
   5.8844066e+02
   9.0946398e+02
   6.6337334e+02
   8.2503224e+02
   6.1212220e+02
   3.3162067e+02
   3.0033881e+02
   8.7875956e+02
   4.0909493e+02
   5.6964132e+02
   8.4895074e+02
   2.5669113e+02
   5.1815055e+02
   4.2882072e+02
   8.5315215e+01
   6.3099119e+02
   4.6197723e+02
   8.2895334e+02
   2.5806089e+02
   1.2362457e+02
   4.6379937e+02
   5.4526636e+02
   8.6230904e+02
   4.6095947e+02
   9.6572787e+02
   8.5903709e+02
   4.8895736e+02
   9.3867552e+02
   3.5720413e+02
   5.2464388e+02
   4.6407302e+02
   4.1609636e+02
   9.6927760e+02
   7.7802958e+01
   8.4563725e+02
   5.4195961e+01
   6.9613830e+02
   6.0040285e+02
   8.2690415e+02
   5.5559017e+02
   3.4201275e+02
   1.5347701e+02
   4.9551661e+02
   6.0354925e+02
   6.6389564e+02
   6.8321295e+02
   4.7572623e+02
   1.1496328e+02
   9.5306401e+02
   8.3993702e+02
   1.1217671e+02
   5.2328461e+02
   3.1070309e+02
   3.9240861e+02
   6.9662463e+02
   5.7097176e+02
   6.5270762e+01
   4.5088420e+02
   2.8744017e+02
   5.7559586e+02
   7.9648209e+02
   6.2004070e+02
   4.3416012e+02
   9.9831304e+02
   4.7895903e+02
   6.0558245e+02
   1.0164004e+02
   8.4440159e+02
   3.6185349e+02
   2.9437613e+02
   1.1806364e+02
   5.6561724e+02
   1.5771205e+02
   6.4739623e+02
   3.5405762e+02
   6.0505150e+02
   6.8721647e+02
   3.7491043e+02
   3.6471031e+02
   1.4346098e+02
   5.4464794e+02
   8.8528257e+02
   4.1827644e+02
   5.0751531e+02
   7.1020234e+02
   4.2846603e+02
   1.6726794e+01
   2.6002739e+01
   3.1714858e+02
   1.7373923e+02
   7.0156973e+01
   5.6294411e+01
   7.2444600e+02
   6.9641672e+02
   7.4526152e+02
   6.8318581e+01
   1.3275196e+02
   8.1933858e+02
   7.3135430e+02
   1.7424244e+02
   1.1561759e+02
   3.5821887e+02
   9.7582802e+02
   9.6157411e+02
   5.6056381e+01
   5.0854147e+02
   2.1933468e+02
   6.6497496e+01
   7.2054956e+02
   7.7717394e+02
   6.2590992e+02
   7.6841574e+02
   2.5555461e+02
   3.7474313e+02
   6.1677517e+02
   3.6129613e+01
   9.8047415e+02
   8.5209439e+02
   1.1586539e+02
   5.2850262e+02
   2.5446873e+02
   3.3629162e+02
   7.9416843e+01
   3.3203518e+02
   7.6270779e+02
   2.8417070e+02
   3.9352528e+02
   8.6711508e+02
   6.2847495e+02
   1.5974651e+02
   3.7723180e+02
   5.3094262e+02
   5.7418969e+01
   9.0197937e+02
   4.3369979e+02
   1.7883211e+02
   1.1091387e+02
   9.3577919e+01
   8.4131712e+02
   1.4359472e+02
   3.6888183e+02
   1.4462079e+02
   5.9937733e+02
   3.7252716e+02
   4.2941643e+02
   2.7544759e+02
   6.7526844e+02
   7.7476224e+01
   5.8004675e+02
   7.5550209e+02
   3.1802591e+02
   4.7516578e+02
   2.8815498e+02
   3.2012818e+02
   4.5655827e+02
   4.3529237e+02
   5.2460456e+02
   9.6178854e+02
   7.5769748e+02
   3.2184256e+02
   8.6878660e+02
   6.6819606e+01
   7.3748816e+02
   2.6715884e+02
   9.7797063e+02
   5.9488748e+02
   4.0627888e+02
   9.4698479e+02
   7.3265320e+02
   7.0795601e+02
   5.1943358e+02
   3.1378411e+02
   6.8655351e+02
   1.6897173e+02
   2.0233096e+02
   5.4823652e+02
   7.8025091e+01
   7.2890671e+02
   5.7206492e+02
   9.6264088e+02
   1.4741613e+02
   5.7532413e+02
   6.8051427e+02
   8.0622172e+02
   2.6618199e+02
   9.9864131e+02
   9.4991867e+02
   6.0135324e+02
   4.4816610e+02
   2.1975577e+02
   1.7813630e+02
   5.9695562e+02
   1.8604718e+02
   1.3433825e+02
   2.0191305e+02
   5.6209838e+02
   8.5549408e+02
   1.5961370e+02
   1.8008835e+02
   8.9340609e+02
   5.7883990e+01
   7.1396846e+02
   4.1879792e+02
   2.7371880e+02
   3.1252272e+02
   2.5266034e+02
   7.3131953e+02
   9.5612774e+02
   4.9348312e+02
   4.9700960e+02
   5.3796756e+02
   2.3635894e+02
   8.4562141e+02
   8.5914395e+02
   9.7752168e+02
   8.4402786e+02
   1.6753371e+02
   1.0886660e+02
   6.0385803e+02
   8.9468698e+02
   3.4837033e+02
   5.3781028e+02
   9.5809931e+02
   5.6598781e+02
   6.6793988e+02
   4.7911683e+02
   4.7600565e+02
   4.1171634e+02
   2.2536509e+01
   9.9738530e+02
   9.0897253e+02
   5.0951792e+02
   4.4340990e+02
   8.2025626e+02
   8.8574802e+02
   2.4136112e+02
   4.3031198e+02
   8.4912621e+02
   6.9155160e+02
   1.9552722e+02
   7.9013819e+02
   2.8829531e+02
   9.8664722e+02
   7.5162374e+02
   2.3716421e+02
   9.2436298e+01
   6.2428165e+02
   1.1134612e+02
   8.1879303e+02
   2.1952063e+02
   9.0204673e+02
   2.8621402e+02
   5.2895459e+02
   8.8534819e+02
   9.8848839e+02
   6.5167722e+02
   2.5304387e+02
   5.7772164e+02
   6.9676289e+02
   9.7230807e+02
   7.5102768e+02
   7.7821035e+02
   5.1131530e+02
   2.3275606e+02
   6.2429497e+02
   1.8477715e+02
   6.4433510e+01
   5.6292067e+02
   6.3172269e+02
   5.1970162e+02
   8.9117520e+01
   5.9226501e+02
   7.8768068e+02
   5.3682406e+01
   1.3642864e+02
   2.1925156e+02
   9.0459425e+02
   3.2369564e+02
   2.1303210e+02
   5.3078878e+02
   9.6111726e+02
   1.3085985e+02
   9.4679815e+02
   9.5284357e+02
   2.3277926e+02
   4.0618811e+01
   8.0095779e+02
   5.9560553e+02
   5.2029064e+02
   7.5103497e+02
   4.1682014e+02
   5.9068101e+02
   9.0654853e+02
   3.0500334e+02
   1.5638363e+02
   8.3842962e+02
   1.0352960e+02
   1.9187605e+02
   2.3692327e+02
   5.8732437e+02
   3.3479581e+02
   8.2014811e+02
   8.8297444e+02
   4.2883766e+02
   6.9633291e+02
   8.3920559e+02
   5.3010417e+02
   8.6384467e+02
   2.4245084e+02
   6.6329596e+02
   7.4962118e+02
   1.1498200e+02
   4.3037618e+02
   2.0458692e+02
   4.8676739e+02
   7.6956806e+02
   7.7954116e+02
   2.9383813e+02
   2.6926027e+02
   4.9342571e+02
   6.0363276e+02
   4.2256871e+02
   2.8941091e+01
   9.8317087e+02
   4.0930126e+02
   2.6336213e+01
   2.9648549e+02
   8.0979045e+02
   1.7265353e+02
   3.0223196e+01
   9.8752711e+02
   4.7712988e+02
   8.2838857e+02
   7.4386869e+02
   8.0407758e+02
   6.0047123e+02
   2.3040312e+02
   7.0746213e+02
   4.4220334e+02
   2.6384880e+02
   1.5235689e+02
   8.9756766e+02
   4.9026727e+02
   8.3530583e+02
   8.1117694e+02
   4.1546142e+02
   7.5309794e+02
   8.7539612e+00
   2.6758722e+02
   6.2753472e+02
   6.7557004e+02
   7.4693206e+02
   1.3848178e+02
   1.2170853e+02
   3.8770187e+02
   7.2958466e+02
   9.1428466e+02
   7.1276889e+02
   6.9167282e+02
   5.6421316e+02
   5.1504867e+02
   9.0046308e+02
   7.5615687e+02
   4.6353548e+02
   9.0942421e+02
   8.4865270e+02
   3.4765893e+02
   7.8642848e+02
   7.8843919e+02
   4.9614868e+01
   9.4248958e+01
   5.3349332e+02
   2.9768381e+02
   3.7560361e+02
   8.0855005e+02
   1.6877867e+02
   5.4387485e+02
   2.7338161e+02
   7.1721522e+02
   4.4585825e+02
   4.1050946e+02
   7.5170112e+02
   4.1390034e+02
   3.8602127e+02
   9.1023808e+02
   9.8277988e+02
   3.6502441e+02
   1.1880556e+02
   5.8818181e+02
   4.2659115e+02
   4.2259418e+02
   3.8027024e+02
   5.7756484e+01
   2.7264332e+02
   8.9616432e+02
   5.2862967e+02
   1.1916318e+02
   8.1191568e+02
   6.2658718e+02
   1.2310030e+02
   3.4451307e+02
   3.3526211e+02
   7.5090327e+02
   8.1716374e+02
   1.4424006e+02
   4.0307200e+02
   6.5600546e+02
   1.6234853e+02
   4.5929244e+02
   4.5118081e+02
   2.6096728e+02
   1.9105900e+02
   4.1672156e+02
   7.8728949e+02
   3.4210206e+02
   2.3723455e+02
   7.9251614e+02
   8.1166599e+02
   5.7818790e+02
   9.4819261e+02
   5.2374485e+02
   4.0334294e+02
   7.7166096e+01
   1.2075980e+02
