   9.4116886e+02
   8.3406544e+02
   2.8499161e+02
   2.9476139e+02
   9.2751634e+02
   1.7330292e+02
   8.5874290e+01
   8.4517086e+02
   7.7191977e+02
   3.6628417e+02
   7.1936902e+02
   2.4320045e+02
   3.1767021e+02
   6.9895977e+02
   2.7183808e+02
   8.8292167e+02
   9.2855959e+02
   7.8456418e+02
   2.1404720e+02
   9.1253618e+02
   7.6247802e+02
   6.9206868e+02
   5.7247687e+02
   3.3489688e+02
   8.1147631e+02
   5.9792059e+02
   4.7725763e+00
   2.6893138e+02
   6.3049076e+02
   1.6438012e+02
   9.1740491e+02
   3.3101874e+02
   9.8101242e+02
   8.7577967e+02
   8.7394053e+02
   9.5297489e+02
   9.4712343e+01
   7.9318325e+02
   5.5152288e+02
   5.9854553e+02
   3.0257231e+01
   3.3927216e+02
   7.3213010e+01
   1.9806714e+02
   6.7320472e+02
   6.0268645e+02
   6.1974757e+02
   5.1321875e+02
   5.6183426e+02
   7.2098569e+02
   7.0058325e+02
   2.3102462e+02
   5.5661561e+02
   4.9965943e+02
   1.2379750e+01
   1.3826900e+02
   6.1571079e+02
   6.3280554e+02
   8.9555248e+02
   8.5807965e+02
   1.0874435e+02
   7.4090658e+02
   1.2319335e+02
   6.7721516e+02
   1.6057647e+02
   2.4761726e+02
   9.8462597e+02
   1.9937330e+02
   3.6791815e+02
   9.1123630e+02
   1.7799128e+02
   3.8856355e+02
   4.2965460e+02
   4.2823881e+02
   7.1785180e+02
   8.0324955e+02
   1.6241462e+01
   1.6915943e+01
   4.8153472e+01
   5.1710057e+00
   3.9328454e+02
   3.5022232e+02
   3.1088301e+02
   9.5109907e+01
   3.4719575e+02
   1.2453937e+02
   8.1963064e+01
   3.0270551e+02
   8.0682786e+02
   7.3776906e+02
   6.4526223e+02
   6.1617447e+02
   3.9551737e+02
   2.9083158e+02
   6.5671516e+02
   4.7994853e+02
   5.7620057e+02
   5.8325874e+02
   4.8806658e+02
   5.0738276e+01
   1.1502482e+02
   8.0992446e+02
   3.0887350e+02
   8.2970050e+02
   1.9735712e+01
   2.5961310e+02
   4.3566203e+02
   5.8033496e+02
   8.3134370e+02
   3.6945946e+02
   8.6698884e+02
   4.1976856e+02
   8.0045059e+02
   1.7109261e+02
   4.3468848e+02
   3.1157066e+02
   3.9567894e+01
   9.2157562e+02
   6.7686683e+02
   2.6538845e+02
   1.1927019e+02
   4.1999530e+02
   4.4197252e+02
   3.9730015e+01
   4.4642133e+02
   2.2213689e+02
   9.9508637e+02
   5.7708460e+02
   5.8951158e+01
   1.5864140e+02
   1.7801826e+02
   5.8688197e+02
   9.4584470e+02
   9.1140652e+02
   4.3480840e-01
   1.4268553e+02
   9.5953509e+02
   6.2015844e+01
   9.9395020e+02
   6.1020808e+02
   7.0694990e+02
   3.1082389e+02
   6.4985172e+02
   3.2425665e+02
   8.3047163e+02
   1.7860133e+02
   2.7385467e+02
   9.7279930e+02
   1.1291718e+01
   2.0992626e+02
   4.3404351e+02
   6.6245621e+02
   7.9929442e+02
   5.5659210e+02
   7.4685372e+02
   3.8364767e+02
   9.1790070e+02
   5.9503760e+02
   9.5280670e+02
   6.8177643e+01
   3.6512594e+02
   4.5810367e+02
   5.2301467e+02
   8.2336727e+02
   4.3052389e+02
   1.6689487e+02
   4.5058853e+01
   8.8286081e+02
   2.9302152e+02
   5.7656969e+02
   5.1727880e+02
   3.4297272e+02
   1.9971686e+02
   4.0006772e+02
   9.4102405e+02
   9.1005346e+02
   6.5224183e+02
   8.6575414e+02
   7.5893609e+01
   7.4760287e+02
   1.8712135e+02
   5.4036833e+02
   5.5645403e+02
   7.9444372e+02
   3.0476394e+02
   1.0631774e+02
   8.2816201e+02
   4.0862833e+02
   2.2826409e+02
   1.5447496e+02
   2.3149335e+02
   6.9237203e+02
   7.1003989e+02
   6.1736509e+02
   6.3361160e+02
   2.3956410e+02
   6.3768988e+02
   2.3541761e+02
   8.9362508e+02
   8.6117506e+01
   2.7295507e+02
   2.3304921e+02
   7.0560036e+02
   6.3231888e+02
   4.2559831e+02
   8.3230277e+01
   3.1895436e+02
   4.2608570e+01
   8.7491251e+02
   6.2373468e+02
   1.8017664e+02
   1.2925590e+02
   2.6396454e+02
   6.0250759e+01
   9.6145769e+01
   8.3854088e+02
   5.8619315e+02
   3.7664671e+01
   3.9544013e+02
   9.9528469e+02
   1.7226928e+02
   6.3479805e+02
   2.6720509e+02
   8.3603877e+02
   4.1179295e+02
   7.3759160e+02
   1.1783746e+02
   2.3902004e+02
   2.6908521e+02
   1.0359785e+02
   5.0245077e+01
   1.9681603e+02
   9.3122526e+02
   4.2362493e+02
   1.8062861e+02
   9.4438240e+01
   8.3684011e+02
   2.2928362e+02
   7.7636474e+02
   8.8130573e+02
   6.7067976e+02
   6.6379225e+02
   8.5011980e+02
   6.5991368e+01
   9.2145727e+02
   7.6860030e+02
   7.1798252e+02
   8.6108493e+02
   4.5168607e+02
   8.0979187e+02
   2.9505441e+02
   7.2824684e+02
   5.8436984e+02
   4.3185456e+01
   2.9152689e+02
   7.6840700e+01
   8.6298426e+02
   8.9856945e+02
   4.1458157e+02
   9.4513840e+02
   9.1126353e+02
   3.3899878e+02
   6.4451804e+02
   7.3023209e+02
   7.9804848e+02
   3.8762208e+02
   6.9394492e+02
   2.8357001e+02
   6.9279543e+00
   6.1718393e+02
   9.7318322e+02
   2.7690990e+02
   5.2871733e+02
   8.4046192e+02
   3.5798484e+02
   2.8791797e+02
   7.1386437e+02
   2.2302507e+02
   3.9883794e+02
   4.6913333e+02
   3.0438587e+02
   9.9672229e+02
   1.5773068e+02
   9.1667294e+02
   7.0389392e+02
   7.0241821e+02
   9.7440566e+02
   5.4314174e+02
   7.3413336e+02
   9.5448534e+02
   2.2291119e+02
   7.1128022e+02
   7.3443908e+02
   3.7218857e+02
   9.6192694e+02
   5.0974719e+02
   3.5714363e+02
   2.8483831e+02
   7.9662815e+02
   8.3761088e+02
   5.4130416e+02
   5.0319407e+02
   4.8523314e+02
   3.2417924e+02
   5.5449070e+02
   4.8818744e+02
   8.3305253e+02
   6.6102801e+02
   4.6480339e+02
   1.4910638e+01
   2.3474108e+02
   8.7719986e+02
   5.7687366e+00
   3.5607736e+02
   9.5603301e+02
   8.0372518e+02
   7.2787620e+02
   1.7667142e+02
   3.1085870e+02
   4.3955357e+02
   7.2477068e+02
   7.1317530e+02
   8.7028186e+02
   6.3372409e+02
   2.7209633e+02
   6.0961127e+02
   6.1705457e+02
   4.7014514e+02
   6.9255721e+02
   4.9574414e+02
   1.0833390e+02
   3.8122634e+02
   8.8626175e+02
   2.6765089e+02
   4.0438941e+02
   8.3394051e+02
   5.0878824e+02
   3.6583678e+02
   5.5201097e+01
   4.9975928e+02
   5.7802438e+02
   5.8999851e+02
   4.3741144e+02
   8.5070541e+02
   2.4907523e+02
   4.1380910e+02
   6.5592113e+02
   2.7571883e+02
   8.2501464e+02
   5.3753767e+02
   5.5598267e+02
   9.8611875e+02
   4.0229517e+02
   9.2490122e+02
   3.8874680e+02
   1.5655350e+02
   1.3539387e+02
   9.6205741e+02
   3.9383805e+02
   7.1558100e+01
   2.5385888e+01
   6.8275201e+02
   5.3281958e+02
   9.3696564e+02
   4.6666362e+02
   2.0202180e+02
   5.3037198e+01
   2.2018516e+02
   4.6222465e+01
   2.0717020e+02
   3.8080175e+02
   8.4042306e+02
   9.0989799e+02
   1.3439620e+02
   8.3927323e+02
   4.4720705e+01
   1.4362392e+02
   5.8320490e+02
   5.0617073e+02
   5.5968072e+02
   9.4697844e+02
   5.2790195e+02
   4.4990530e+02
   1.4185132e+02
   2.4817879e+02
   8.1971991e+02
   1.4277242e+02
   4.9067863e+02
   7.7178284e+02
   1.4820544e+01
   7.4712012e+02
   4.7490260e+02
   4.3369617e+02
   6.0665140e+01
   9.9181339e+02
   5.9506626e+02
   1.6660351e+02
   1.7801005e+02
   6.0083131e+02
   2.0253583e+02
   7.8069235e+02
   8.1013342e+02
   4.1576953e+02
   9.7237656e+02
   5.7687112e+01
   4.7930491e+02
   4.4344012e+01
   1.2691767e+02
   5.8762431e+02
   6.0411733e+02
   9.8782462e+01
   3.1106971e+02
   1.0340056e+02
   3.8604904e+02
   3.2834486e+02
   9.4552374e+02
   1.4781304e+02
   9.2029966e+02
   4.4767434e+02
   2.5202118e+02
   3.3630099e+02
   6.7831098e+01
   7.3292181e+02
   1.4189663e+02
   7.4527373e+02
   6.3129655e+02
   5.8006908e+02
   5.7871285e+02
   5.2926327e+02
   1.9743130e+02
   2.8530458e+02
   6.9951000e+02
   6.8586893e+02
   7.0393084e+02
   2.0135921e+02
   5.1810221e+02
   1.5853646e+02
   4.2927403e+01
   4.1180357e+02
   8.9238962e+02
   5.5082070e+02
   1.3508725e+02
   8.1756600e+02
   4.0208677e+02
   2.9501101e+02
   7.5340858e+02
   4.4233727e+02
   2.0816054e+02
   5.0317939e+02
   5.9432238e+02
   2.7186302e+02
   4.9065873e+00
   1.0840938e+02
   5.8775344e+02
   5.5069393e+02
   4.8455509e+02
   2.0389573e+02
   4.1908705e+02
   3.6297438e+02
   7.2052207e+02
   1.7677090e+02
   5.4857354e+02
   9.7682900e+02
   5.1567442e+02
   8.7105996e+02
   9.5146886e+02
   3.9786550e+02
   2.9930849e+01
   5.1851133e+02
   1.7710246e+02
   9.6286955e+02
   5.9151347e+02
   9.8135997e+02
   8.8959632e+02
   7.9251080e+01
   5.3854273e+02
   6.3910580e+02
   1.3297853e+02
   4.6011414e+02
   5.3737089e+02
   5.4243586e+02
   8.5079406e+01
   9.9282482e+02
   4.0264523e+02
   8.9493542e+02
   7.7413186e+02
   4.4852988e+02
   7.8244499e+02
   3.8660053e+02
   7.6844606e+02
   2.2101769e+02
   2.6991891e+02
   3.1612104e+02
   8.0377352e-01
   8.5942613e+02
   6.5674053e+02
   2.5285048e+02
   2.4130542e+02
   8.5383834e+02
   1.7388337e+02
   7.7063509e+02
   5.6030091e+02
   6.7779182e+02
   9.8080907e+02
   1.4471954e+02
   6.0853281e+02
   1.0825280e+02
   2.3597797e+02
   1.3434739e+02
   2.1298335e+02
   7.5782725e+02
   6.1759990e+02
   2.3577233e+02
   1.8338519e+02
   9.0204498e+01
   8.7039870e+02
   6.7505805e+02
   9.3173050e+01
   3.3643998e+02
   4.8922459e+02
   1.5109215e+02
   2.0561724e+02
   5.2605682e+01
   8.9732176e+02
   4.4882681e+02
   5.7975047e+02
   6.7243256e+02
   6.4707121e+02
   1.5341337e+00
   8.3488460e+02
   2.7610009e+02
   5.1425824e+02
   9.3714686e+02
   3.3057468e+02
   7.5114823e+02
   5.1515405e+02
   9.6967729e+02
   8.3787073e+02
   8.6725409e+02
   2.3431709e+02
   6.7223295e+02
   4.0645963e+02
   8.3428459e+02
   4.8837760e+01
   8.3501880e+02
   3.3304595e+02
   2.9165332e+02
   6.4812405e+01
   7.4163370e+02
   4.6628776e+02
   8.7025782e+02
   2.8814283e+02
   8.3688685e+02
   9.1391774e+02
   3.2384468e+02
   2.5213603e+02
   4.9334060e+02
   6.1077250e+01
   3.8444442e+02
   7.9387890e+02
   7.1886758e+02
   1.5758578e+02
   9.2394535e+01
   4.7047209e+02
   1.3784392e+02
   2.5040392e+02
   5.2295494e+02
   1.3606839e+02
   8.0856648e+02
   7.2080623e+02
   5.1887394e+02
   6.4756519e+01
   7.4045964e+02
   5.7301967e+00
   1.2599221e+02
   5.6176323e+02
   4.0818945e+02
   6.5047521e+02
   5.7753583e+02
   3.3478930e+02
   3.0732136e+02
   7.5633700e+02
   8.0121662e+01
   9.8634943e+02
   1.0292012e+02
   4.9837280e+02
   2.3478019e+02
   2.0029417e+02
   5.6391961e+02
   4.3225645e+02
   5.3437524e+02
   1.4758197e+02
   3.2560232e+02
   9.3085943e+02
   9.9918077e+02
   7.9569413e+02
   7.7387267e+02
   7.3298055e+02
   3.6962377e+02
   7.9725861e+02
   4.7329742e+02
   2.7541069e+02
   9.8566683e+02
   2.1042453e+02
   2.3694329e+02
   5.0928626e+02
   2.1807500e+02
   5.9037015e+02
   3.4375794e+02
   8.7663162e+02
   5.9685567e+02
   5.2469310e+02
   7.2850282e+02
   7.5912646e+02
   9.2722388e+02
   5.8355277e+02
   6.1851054e+02
   3.6707671e+02
   6.5245424e+02
   5.7584054e+02
   7.2539553e+02
   9.1190281e+02
   3.2071797e+02
   8.6462709e+02
   3.6759985e+02
   2.1195556e+02
   1.0514317e+02
   6.7038104e+02
   4.0539077e+02
   3.4024299e+02
   7.5955932e+02
   1.0561248e+02
   5.2553938e+02
   1.1772716e+02
   7.4687632e+02
   1.4366256e+02
   5.3745983e+02
   4.4381845e+02
   2.7734945e+02
   6.6965593e+02
   5.9976892e+02
   9.4803853e+02
   9.9045921e+02
   6.9225876e+02
   6.2632887e+02
   5.0759533e+02
   4.5171875e+02
   9.1993823e+02
   9.8881572e+02
   9.7710736e+02
   3.2702476e+02
   5.0049150e+01
   6.1308703e+02
   4.7509034e+02
   5.1622592e+02
   6.8102926e+02
   7.7274260e+02
   2.8866259e+02
   2.4549966e+00
   9.9881096e+02
   2.8116980e+02
   9.2811689e+02
   1.1716444e+02
   5.8759786e+02
   8.0315808e+02
   2.0110700e+02
   6.5656425e+02
   7.9179831e+02
   5.9494824e+02
   9.7216408e+02
   2.2062633e+01
   7.7865464e+02
   7.2876139e+02
   5.3853951e+02
   2.0947021e+02
   5.4173799e+02
   7.0239100e+02
   8.3335692e+02
   2.0630624e+02
   2.8711578e+02
   2.2887546e+02
   9.0872438e+02
   4.3779812e+02
   8.5849557e+02
   7.6049795e+02
   3.4312999e+02
   2.1805003e+02
   6.7168900e+02
   4.9056368e+02
   3.6728040e+02
   7.8685376e+02
   4.9411072e+02
   1.6530867e+02
   1.4360549e+01
   6.2628948e+02
   6.3672059e+02
   4.8739352e+02
   4.6438829e+02
   1.7302869e+01
   1.5539204e+02
   8.0374497e+02
   3.2150465e+02
   2.4154177e+01
   6.1702712e+02
   3.1648542e+02
   4.8724819e+02
   5.5560173e+02
   2.1052685e+02
   3.9278368e+02
   5.2236372e+02
   3.4336968e+01
   4.3070384e+02
   6.3761471e+01
   9.9168057e+02
   6.3468090e+02
   1.9777114e+02
   4.8068813e+02
   1.6809626e+02
   9.8679293e+02
   4.2478039e+02
   3.4863495e+02
   2.2152898e+02
   4.2016332e+02
   1.3457166e+02
   8.6839330e+02
   2.3568488e+02
   8.6877355e+02
   9.1632939e+02
   9.1298477e+01
   1.9543459e+02
   6.4075316e+02
   4.8875283e+02
   1.4005698e+02
   1.5599557e+02
   8.3794786e+02
   5.6302454e+02
   5.0127142e+02
   3.3332794e+02
   7.9929801e+02
   9.7195729e+02
   6.8225046e+02
   4.1536647e+02
   1.6161866e+02
   2.6577293e+02
   8.6468456e+02
   5.8191025e+02
   6.5817069e+02
   8.9771579e+02
   5.2433509e+02
   1.9184456e+00
   9.9923490e+02
   1.8760041e+02
   9.2725615e+01
   2.3618746e+02
   9.1388464e+02
   9.6315845e+02
   5.5362489e+02
   9.0860481e+02
   4.5925561e+02
   6.8458096e+01
   2.2255415e+02
   4.4864736e+02
   6.4066254e+01
   8.7168437e+02
   2.5032126e+02
   5.9660622e+02
   5.0596359e+02
   4.1041465e+02
   3.7189973e+02
   3.2225449e+02
   4.1743281e+02
   4.9160201e+02
   8.3088155e+02
   2.8211385e+02
   1.5759092e+02
   6.5959974e+02
   6.7052377e+02
   6.4613511e+02
   7.1106282e+02
   5.5949486e+02
   5.1562618e+02
   9.5947030e+01
   9.7749852e+02
   3.1620703e+02
   1.8060350e+02
   4.3379442e+01
   1.1762112e+01
   1.6298878e+02
   4.7475245e+02
   9.8581206e+02
   2.4760438e+02
   3.3889674e+02
   4.8352242e+02
   4.0483522e+02
   6.5115535e+02
   8.9705213e+01
   4.1345779e+02
   5.7373571e+02
   2.4832488e+02
   1.8495917e+02
   4.4913271e+02
   7.5595176e+02
   4.5278818e+02
   9.1088576e+01
   4.6355556e+02
   1.1299016e+02
   7.0982088e+02
   8.7875652e+02
   6.1276616e+00
   3.4552552e+02
   1.3291451e+02
   6.1231970e+02
   5.7309861e+02
   9.4133720e+02
   5.7306705e+02
   2.6185513e+02
   9.3478864e+02
   9.7053700e+02
   7.7568607e+02
   4.0903495e+02
   7.5934256e+02
   4.8779881e+01
   6.0780293e+02
   3.9288186e+02
   8.7144165e+02
   4.6026108e+02
   1.8186532e+02
   7.4641021e+02
   3.0754023e+02
   1.6244485e+02
   5.7162593e+02
   9.6579615e+02
   7.3759919e+02
   2.3091975e+02
   8.2075655e+02
   3.0191186e+02
   8.5578329e+02
   6.7745392e+02
   2.6593574e+02
   1.0534563e+02
   5.8391683e+02
   3.2219119e+02
   6.1740670e+02
   2.4373916e+02
   1.5967897e+02
   3.6119367e+02
   7.2688282e+02
   6.3257226e+02
   8.7870910e+02
   4.1944398e+02
   4.5092916e+02
   1.1852464e+02
   6.6483803e+02
   9.5648828e+02
   5.0713215e+02
   5.4787764e+02
   9.4163331e+02
   9.6649209e+02
   8.3136782e+02
   4.0436267e+02
   8.8833516e+02
   2.5115347e+02
   4.0471442e+02
   4.7278130e+02
   1.2909517e+01
   5.6463062e+02
   1.9968219e+02
   2.2695489e+02
   2.0736984e+02
   7.7950302e+02
   8.8276717e+02
   5.9468721e+02
   2.2179479e+02
   9.3551701e+02
   2.6579908e+02
   1.7835078e+02
   9.6863494e+02
   9.3841093e+02
   1.6628576e+02
   1.3482330e+02
   5.4010837e+02
   7.4288044e+02
   2.1568561e+02
   8.3762888e+02
   1.8888416e+02
   7.3795738e+02
   8.3971491e+02
   1.0706015e+02
   4.1758922e+02
   2.2040818e+02
   9.8910300e+02
   5.7342559e+02
   6.9426593e+02
   7.0109089e+02
   4.9737357e+02
   5.1353512e+02
   5.4485334e+02
   7.9081206e+02
   5.6617413e+02
   7.4722914e+02
   3.5947986e+02
   1.5851337e+02
   7.6036102e+02
   6.4865723e+02
   9.0187357e+02
   2.9469643e+02
   2.1448885e+02
   2.4272257e+02
   2.7448249e+02
   2.0383307e+02
   4.1753361e+02
   9.9906845e+02
   1.3343866e+02
   1.2133958e+02
   2.6637856e+02
   2.8143762e+02
   5.9362582e+02
   6.2009877e+01
   8.8184050e+02
   2.9538062e+02
   1.8868466e+02
   1.2835012e+02
   5.0167068e+02
   5.2774916e+02
   8.2836651e+02
   7.6347881e+02
   9.1551437e+02
   6.0254561e+02
   2.1128579e+02
   4.9740406e+02
   5.8672584e+02
   2.2474220e+02
   1.2750413e+02
   2.5485471e+02
   1.5553374e+02
   1.0350644e+02
   8.6347380e+02
   6.0099535e+02
   4.0788593e+02
   1.3399843e+01
   5.3790542e+01
   1.4882372e+02
   6.0664296e+02
   4.3643378e+02
   2.7643139e+02
   1.7954169e+02
   1.3370315e+02
   8.9433043e+02
   7.8352183e+02
   3.7173645e+02
   7.5601925e+02
   4.7489805e+02
   6.6764437e+02
   1.5514976e+02
   8.2173298e+02
   7.0071718e+02
   3.9274549e+02
   4.1567382e+02
   4.1203548e+02
   3.4435167e+02
   7.7508908e+02
   9.5419505e+02
   4.9173423e+02
   7.8961668e+02
   3.2306019e+01
   8.1820486e+02
   9.0394335e+02
   9.4877936e+02
   5.1754051e+02
   8.7314093e+02
   5.8355260e+02
   8.1046181e+02
   3.8403606e+02
   8.5047073e+02
   9.4337718e+02
   5.2991372e+02
   5.6322549e+02
   9.7296786e+02
   5.4446123e+02
   5.1176311e+02
   4.9142217e+02
   9.4476243e+02
   8.4732767e+02
   7.6326952e+02
   6.7044434e+02
   6.0908525e+02
   5.5861627e+02
   7.5649953e+01
   8.7559169e+02
   9.5034785e+02
   9.7552784e+02
   2.9303121e+02
   5.8583739e+02
   8.9880938e+02
   1.2386824e+02
   9.4949575e+02
   2.0467571e+02
   7.8320272e+02
   6.2449219e+02
   3.2871997e+02
