-8112.16809243913
7032.10925079583
-22463.2583502108
-54.7001370618477
-11380.9992964263
35715.2292393934
24026.4893097758
9504.46064990631
13628.9013165599
14424.0365503171
-17246.4281716407
1879.66049731579
16073.6356995367
7474.18706303049
7373.42226487378
-684.263451166948
5390.53445395833
-11261.0105604851
10989.2634745980
-39028.7684047107
4504.08071770481
-28402.6970374883
-13455.2615090445
4456.19172605548
10451.7566802039
-29893.0258017933
15727.1530731240
466.403947483845
-1602.63371077584
4393.09831382084
17244.9309858292
-8819.61537343817
15413.7940265856
-2107.38420925419
8080.26471690293
17828.7101899724
-25768.1984337912
12751.7182082465
-15864.3963144167
9655.19442265720
-7684.36470096922
4314.78258875950
-1709.25085991923
20574.5911853604
-15053.4345751900
-12177.2449319556
-746.355030387002
7552.97176800336
1836.57279385566
7414.56701004532